73357
73358
73359
73360
73361
73362
73363
73364
73365
73241
73242
73243
73229
73230
73231
73223
73224
73225
73210
73211
73212
73199
73200
73271
73272
73273
73274
73275
73276
73277
73278
73279
73280
73281
73282
73171
73172
73173
73174
73175
73176
73177
73178
73179
73180
73181
73182
73478
73479
73480
73481
73482
73483
73484
73485
73486
73487
73488
73489
73465
73466
73467
73468
73469
73470
73471
73472
73473
73474
73475
73476
73286
73287
73288
73289
73290
73291
73292
73293
73294
73295
73296
73297
73303
73304
73305
73306
73307
73308
73309
73310
73316
73317
73318
73319
73320
73321
73322
73323
73398
73399
73400
73401
73402
73403
73404
73405
73414
73415
73416
73417
73418
73419
73339
73340
73341
73342
73343
73344
73345
73346
73347
73422
73423
73424
73425
73426
73427
73428
73429
73430
73431
73432
73433
73499
73500
73501
73502
73503
73504
73505
73506
73491
73492
73493
73494
73495
73496
73155
73156
73157
73158
73159
73160
73161
73162
73163
73164
73165
73166
73452
73453
73454
73455
73456
73457
73458
73459
73460
73461
73462
73463
73439
73440
73441
73442
73443
73444
73445
73446
73447
73448
73449
73450
72393
72394
72395
72396
72397
72398
72377
72378
72379
72380
72381
72382
72383
72384
72385
72386
72387
72388
72389
72390
72391
72401
72402
72403
72404
72365
72366
72367
72368
72369
72315
72316
72305
72306
72223
72224
72225
72226
72227
72219
72220
72221
72212
72213
72214
72215
72216
72217
72207
72208
72209
72210
72195
72196
72197
72198
72199
72187
72188
72189
72190
72191
72192
72168
72169
72170
72171
72172
72173
72174
72175
72176
72177
72178
72179
72180
72181
72182
72183
72184
72185
72155
72156
72157
72158
72159
72160
72161
72162
72163
72164
72165
72166
72152
72153
72035
72036
72037
71991
71992
71993
71994
71995
71956
71957
71997
71998
71999
72000
72001
72002
72003
72004
72005
72006
72007
72008
71972
71973
71974
71975
71976
71977
71978
71979
71980
71982
71983
71984
71985
71986
71987
71988
71947
71948
71949
71952
71953
71943
71944
71945
71605
71606
71607
71609
71610
71613
71589
71590
71591
71592
71593
71594
71595
71596
71561
71562
71563
71564
71545
71546
71547
71548
71549
71550
71551
71552
71581
71582
71484
71485
71453
71454
71455
71456
71296
71297
71298
71299
71340
71341
71280
71281
71282
71283
71284
71285
71286
71287
71288
71289
71290
71291
71267
71268
71269
71270
71271
71272
71273
71274
71275
71276
71277
71278
71246
71247
71248
71249
71250
71251
71252
71253
71254
71255
71256
71257
71258
71259
71260
71261
71221
71222
71223
71224
71226
71227
71228
71229
71230
71232
71233
71234
71235
71236
71238
71239
71240
71241
71242
71244
71213
71214
71210
71211
71130
71131
71132
71133
71134
71135
71136
71137
71138
71139
71141
71142
71143
71144
71145
71146
71147
71114
71115
71116
71117
71118
71119
71120
71121
71123
71124
71125
71126
71127
71128
71098
71099
71100
71101
71102
71103
71104
71105
71106
71107
71108
71109
71110
71111
71112
71082
71083
71084
71085
71086
71087
71088
71089
71090
71091
71092
71093
71094
71095
71096
70983
70984
70985
70986
70987
70988
70989
70949
70950
70951
70926
70927
70717
70718
70681
70682
70683
70684
70685
70686
70687
70688
70689
70690
70691
70692
70693
70694
70695
70316
70317
70318
70311
70312
70313
70314
70284
70285
70286
70287
70288
70289
70290
70291
70292
70255
70256
70257
70258
70259
70260
70261
70262
70263
70264
70265
70266
70267
70268
70269
70270
70271
70272
70273
70274
70275
70276
70277
70278
70279
70280
70281
70282
70239
70240
70241
70242
70243
70244
70245
70246
70247
70248
70249
70250
70121
70122
70123
70124
70105
70106
70107
70108
70109
70110
70111
70112
70113
70114
70115
70116
70117
70118
70119
69709
69710
69711
69712
69713
69840
69841
69842
69843
69844
69845
69846
69847
69848
69849
69850
69851
69852
69853
69854
69824
69825
69826
69827
69828
69829
69830
69831
69832
69833
69834
69835
69836
69837
69838
69813
69814
69815
69816
69817
69818
69819
69820
69821
69741
69742
69743
69744
69809
69810
69811
69619
69620
70127
70128
70129
69611
69612
69613
69614
69605
69606
69607
69608
69598
69599
69600
69601
69602
69603
69594
69595
69596
69426
69427
69428
69429
69430
69431
69432
69433
69347
69348
70851
69296
69298
69287
69288
68915
68916
68917
68918
68977
68978
68979
68980
68924
68925
68538
68539
68402
68399
68400
68401
68092
68093
68094
68095
68015
68016
68017
68018
68019
68020
67953
67954
67955
67956
67957
67958
67938
67939
67940
67944
67945
67946
67761
67762
67763
67764
67765
67766
67767
67768
67769
67770
67771
67772
67775
67776
67777
67778
67779
67780
67781
67782
67783
67784
67785
67786
67787
67788
67789
67790
67791
67792
67645
67646
67647
67648
67649
67650
67653
67654
67655
67656
67657
67536
67537
67538
67539
67540
67541
67542
67543
67544
67545
67531
67372
67373
67374
67375
67376
67377
67378
67379
67380
66666
66667
66668
66669
66670
66671
66672
66673
66674
66675
66676
66677
66678
66679
66680
66681
66682
66683
66634
66635
66636
66637
66638
66639
66640
66641
66642
66643
66644
66645
66646
66647
66648
66649
66650
66651
66652
66653
66654
66655
66656
66657
66663
66249
66250
66251
66171
66172
66173
66174
66175
66176
66129
66130
66131
66132
66133
66304
66305
66306
66307
66308
66309
66310
66311
66312
66313
66314
66315
66316
66317
66318
66319
66320
66321
66322
66323
66324
66325
66326
66327
66273
66274
66275
66276
66277
66278
66279
66280
66281
66282
66283
66284
66285
66286
66287
66288
66289
66290
66291
66292
66293
66294
66295
66296
66297
66298
66299
66300
66301
66302
66260
66261
66262
66263
66264
66265
66266
66267
66268
66269
66270
66271
65943
65944
65945
65946
65938
65939
65940
65941
65934
65935
65936
65926
65927
65928
65921
65922
65923
65924
65900
65901
65902
65903
65904
65905
65906
65907
65908
65909
65910
65911
65912
65913
65914
65915
65916
65917
65918
65919
65887
65888
65889
65890
65874
65875
65876
65877
65878
65869
65870
65871
65872
65616
65617
65618
65619
65620
65458
65459
65451
65452
65453
65350
65351
65352
65318
65319
65320
65321
65322
65323
65324
65325
65326
65327
65328
65329
65330
65331
65332
65333
65334
65335
65336
65337
65338
65339
65340
65341
65278
65279
65280
65281
65282
65283
65284
65285
65286
65287
65288
65289
65290
65291
65292
65293
65294
65295
65296
65297
65298
65299
65300
65301
65302
65303
65304
65305
65306
65307
65308
65309
65310
65311
65312
65313
65210
65211
65212
65213
65123
65124
65125
65103
65104
65094
65095
65096
64706
64707
64695
64696
64697
64698
64587
64588
64566
64567
64568
64561
64562
64316
64317
64318
64319
64523
64524
64525
64526
64527
64528
64540
64541
64542
64543
64544
64545
64532
64533
64534
64535
64536
64537
64256
64257
64258
64259
64260
64261
64262
64495
64496
64497
64498
64499
64500
64501
64472
64473
64474
64475
64476
64247
64248
64249
64250
64251
64252
64253
64238
64239
64240
64241
64242
64243
64244
64230
64231
64232
64233
64234
64235
64222
64223
64224
64225
64226
64227
64214
64215
64216
64217
64218
64219
64027
64028
64029
64030
64031
64032
64033
64034
64035
64036
64037
64038
64039
64040
64041
64042
64043
64044
64045
64046
64047
64048
64049
64050
64051
64052
64053
64054
64055
64056
64057
64058
64059
64060
64061
64062
64063
64064
64065
64066
64067
64068
64069
64070
64076
64077
64078
64079
64080
64081
64082
64083
64084
64085
64086
64087
64088
64089
64090
64091
64092
64093
64094
64095
64096
64097
64098
64099
64100
64101
64102
64103
64104
64105
64106
64107
64108
64115
64116
64117
64118
64119
64120
64121
64122
64123
64124
64125
64126
64127
64128
64129
64130
64131
64132
64133
64134
64135
64136
64137
64138
64139
64140
64141
64142
64143
64144
64145
64146
64147
64148
64149
64150
64151
64152
64153
64154
64155
64156
64157
64158
63637
63638
63639
63641
63642
63648
63649
63650
63362
63363
63364
63296
63297
63298
63369
63370
63371
63372
63245
63246
62996
62997
62998
62999
62895
62896
62897
63349
63350
63351
63352
63353
63354
63355
63356
63357
62788
62789
62790
62531
62532
62533
62792
62793
62794
62795
62544
62545
62546
62225
62226
62227
62228
63506
63507
63508
62157
62158
62091
62092
62093
62086
62087
62088
62089
62074
62075
61993
61994
70864
70865
61990
61991
61986
61987
61988
61960
61961
61962
61963
61706
61707
61708
61709
61710
61711
61712
61713
61683
61684
61685
61686
61665
61666
61667
61668
61573
61574
61575
61576
61490
61491
61492
61438
61439
61440
61441
61442
61443
61444
61445
61446
61447
61448
61449
61450
61451
61452
61453
61454
61455
61456
61457
61458
61406
61407
61408
61409
61410
61411
61412
61413
61414
61415
61416
61417
61418
61419
61352
61353
61354
61355
61356
61357
61358
61359
61360
61361
61362
61363
61364
61365
61366
61367
61368
61369
61370
61371
61372
61373
61374
61375
61376
61377
61378
61178
61179
61015
61016
61017
70569
70570
70571
70572
70573
70574
60792
60793
60756
60757
60758
60464
60465
60466
60467
60468
60469
60333
60334
60335
60336
60338
60339
60340
60200
60201
60202
60203
60204
60205
60206
60207
60208
60209
60210
60211
60212
60213
60214
60215
60216
60217
60218
60219
60220
60221
60222
60223
60231
60232
60233
60234
60235
60236
59906
59907
59908
59909
59910
59911
59912
59913
59914
59915
59916
59917
59918
59919
59920
59921
59922
59923
59865
59866
59867
59868
59869
59870
59871
59872
59873
59874
59875
59876
59877
59878
59879
59880
59881
59882
59883
59884
59885
59886
59887
59888
59449
59450
59451
59327
59328
59329
59330
59331
59357
59296
59297
59298
59299
59262
59263
59264
59265
59266
59267
59268
59269
59270
59229
59230
59231
59232
59221
59222
59223
59224
59225
59226
59201
59202
59203
59204
59205
59206
59207
59208
59209
59190
59191
59192
59193
59194
59195
59196
59197
59198
59169
59170
59171
59172
59173
59174
59175
59176
59177
59159
59160
59161
59162
59163
59164
59165
59166
59125
59126
59127
59128
59129
59115
59116
59117
59118
59119
59101
59102
59103
59104
59105
59106
59107
59108
59079
59080
59081
59082
59083
59084
59085
59086
59087
59088
59089
59090
59091
59092
59093
59094
59054
59056
59057
58988
58989
58990
58991
58992
58993
58994
58995
58996
58997
58998
58999
59000
59001
59002
59003
59004
59005
59006
59007
58967
58968
58969
58970
58971
58972
58973
58974
58975
58976
58910
58911
58912
58913
58914
58915
58916
58917
58918
58919
58855
58856
58857
58858
58859
58860
58861
58862
58863
58864
58865
58866
58867
58868
58869
58870
58871
58872
58873
58874
58775
58776
60904
60905
60906
58702
58703
58704
58705
58706
58707
58708
58709
58710
65132
58693
58694
58695
58662
58663
58664
58665
58666
58667
58668
58669
58575
58576
58577
58578
58579
58580
58581
58582
58583
58584
58548
58533
58534
58535
58536
58537
58538
58539
58540
58541
58542
58544
58545
58546
58547
58476
58477
58478
58479
58480
58481
58432
58433
58411
58412
58349
58350
58351
58352
58353
58354
58355
58356
58357
58251
58252
58253
58245
61471
61472
61473
58135
58136
58137
58138
57802
57803
57804
57805
57782
57783
57784
57746
57747
57748
57651
57652
57572
57573
57574
57553
57554
57555
57556
57212
57213
57214
57215
57216
57008
57009
70832
70833
70834
56764
56765
56766
56767
56768
56769
56614
56571
56572
56573
56518
56519
56520
60947
60948
60949
60950
56498
56499
60968
60969
60970
60971
56369
56370
56371
56372
56351
56352
56353
56316
56317
56318
56319
56320
56321
56297
56298
56299
56300
56301
56302
56303
56304
56306
56307
56308
56309
61107
61108
56170
56171
56162
56163
55636
55637
55638
55639
55640
55641
55642
55643
55644
55645
55646
55647
55648
55649
55650
55651
55652
55653
55654
55655
55656
55657
55658
55659
55660
55661
55662
55663
55664
55665
55666
55667
55668
55669
55670
55671
55672
55673
55674
55675
55620
55621
55622
55623
55624
55625
55626
55627
55591
55592
55593
55594
55595
55596
55597
55598
55599
55600
55601
55602
55603
55604
55605
55499
55500
55501
55502
71019
71020
71021
71416
71417
71418
71419
55367
55368
55369
55357
55358
55359
55346
55347
55348
55349
55350
55351
55320
55321
55322
55323
55324
55325
55326
55327
55328
55329
55330
55331
55332
55333
55334
55273
55274
55244
55245
55246
55231
55232
55233
54861
54081
54082
54083
54084
53839
52774
52775
52776
52777
52778
52779
52780
52781
52782
52783
52784
52785
52786
52787
52788
52789
52746
52747
52748
52749
52750
52751
52752
52753
52754
52755
52756
52757
52731
52732
52733
52734
68608
68609
68610
68611
68612
68613
60307
60308
60309
60311
60312
60313
60314
60315
60316
60317
60318
60320
60321
60322
51592
51593
51594
51595
51596
51597
51598
51599
51583
51584
51585
51586
51587
51588
56725
56726
56727
56728
56729
56730
56731
56732
56733
56734
70898
70899
70900
70901
70902
70903
70879
70880
70881
70882
70883
70884
70885
70886
70887
70888
70889
70890
70891
70892
70893
70894
70895
70896
51426
51427
51370
51371
51372
51373
60264
60265
60266
60267
60268
60269
60270
60271
60272
60273
60274
60275
60278
60280
60284
60287
51068
51069
51070
51071
51072
51074
51075
51076
51077
51078
51079
51080
51081
51082
51083
51084
51085
51086
51087
51088
51089
51090
51091
51092
51093
51094
51095
51096
51097
51098
51099
51100
50974
50975
50976
50977
50978
50979
50980
50981
50982
50983
50984
50985
50986
50987
50988
50989
50990
50991
50992
50993
50994
50995
50996
50997
50998
50999
51000
51001
51002
51003
51004
51005
51006
51007
51008
51009
51010
51011
51012
51013
51014
51015
50423
50424
50425
50426
50427
50428
50429
50430
50431
50432
50433
50434
50435
50436
50437
50136
50137
50138
50139
50140
50141
50142
50143
50144
50145
50146
50147
50148
50149
50150
49982
49983
49984
49828
49829
49830
52068
52069
52070
52071
52072
52073
52074
52075
52076
52077
52543
52544
52545
52546
52547
53860
53861
53862
53863
53864
53865
53866
53867
53868
53869
53870
53871
53872
53873
53874
53875
53841
53842
53843
53844
53845
53846
53847
53848
53849
53850
53851
53852
53853
53854
53855
53856
53823
53824
53825
53826
53827
53828
53829
53830
53831
61138
61139
61140
61141
61149
61150
61151
71496
71497
56546
56547
56548
61070
61071
61072
61073
61074
69759
69760
69761
69762
69763
69765
